

 Enter LSQR.       Least-squares solution of  Ax = b
 The matrix  A  has    131 rows   and    262 columns
 damp   =  0.00000000000000E+00   wantse =         F
 atol   =  1.00E-15               conlim =  1.00E+05
 btol   =  1.00E-15               itnlim =       262

   Itn       x(1)           Function     Compatible   LS        Norm A    Cond A
     0  0.000000000E+00  8.654837803E-10  1.00E+00  1.54E+10
     1  1.165038780E-16  8.648970725E-10  9.99E-01  1.81E-02  3.63E+02  1.00E+00  1.9E+03
     2  4.437465234E-16  8.645780650E-10  9.99E-01  5.95E-03  4.71E+02  2.53E+00  9.8E+02
     3  5.964009020E-16  8.645506575E-10  9.99E-01  1.26E-02  5.96E+02  3.72E+00  8.9E+02
     4  1.432717541E-14  8.623320214E-10  9.96E-01  4.30E-03  1.12E+03  3.43E+01  1.2E+02
     5  1.496853940E-14  8.622479184E-10  9.96E-01  6.19E-03  1.18E+03  3.67E+01  1.2E+02
     6  6.181534145E-14  8.565401710E-10  9.90E-01  1.25E-02  1.29E+03  8.23E+01  4.3E+01
     7  1.059317744E-13  8.511965520E-10  9.83E-01  2.82E-02  1.31E+03  1.09E+02  2.9E+01
     8  1.423527544E-13  8.467672641E-10  9.78E-01  4.53E-03  1.39E+03  1.35E+02  2.3E+01
     9  2.203078476E-13  8.375937144E-10  9.68E-01  1.75E-02  1.40E+03  1.71E+02  1.6E+01
    10  2.542444641E-13  8.335690836E-10  9.63E-01  3.03E-03  1.43E+03  1.88E+02  1.5E+01
    20  5.119810004E-13  7.918597251E-10  9.15E-01  3.03E-03  1.94E+03  4.68E+02  6.5E+00
    30 -2.279953847E-15  7.618029352E-10  8.80E-01  9.70E-03  2.29E+03  7.38E+02  4.5E+00
    40 -1.856833512E-12  7.259510271E-10  8.39E-01  4.25E-03  2.69E+03  1.14E+03  3.2E+00
    50 -4.290942060E-12  6.996546866E-10  8.08E-01  4.27E-03  3.13E+03  1.57E+03  2.6E+00
    60 -7.083335192E-12  6.747908782E-10  7.80E-01  1.04E-03  3.44E+03  2.00E+03  2.1E+00
    70 -1.029757487E-11  6.464525054E-10  7.47E-01  4.85E-03  3.70E+03  2.48E+03  1.8E+00
    80 -1.269136163E-11  6.230989397E-10  7.20E-01  2.45E-03  3.93E+03  2.95E+03  1.5E+00
    90 -1.548098825E-11  5.928101691E-10  6.85E-01  1.60E-03  4.16E+03  3.56E+03  1.3E+00
   100 -1.686782582E-11  5.768509925E-10  6.67E-01  1.51E-03  4.35E+03  3.96E+03  1.2E+00
   110 -1.896858475E-11  5.518993142E-10  6.38E-01  8.43E-03  4.54E+03  4.56E+03  1.0E+00
   120 -2.071180769E-11  5.296972220E-10  6.12E-01  2.90E-03  4.75E+03  5.16E+03  9.4E-01
   130 -2.267083628E-11  4.990603975E-10  5.77E-01  8.71E-04  4.95E+03  5.92E+03  8.2E-01
   140 -2.321640869E-11  4.738097800E-10  5.47E-01  2.33E-03  5.21E+03  6.73E+03  7.3E-01
   150 -2.279107272E-11  4.605256087E-10  5.32E-01  4.05E-03  5.39E+03  7.24E+03  6.9E-01
   160 -2.021173396E-11  4.338646225E-10  5.01E-01  7.07E-04  5.57E+03  8.06E+03  6.2E-01
   170 -1.802840476E-11  4.249401341E-10  4.91E-01  8.72E-04  5.73E+03  8.50E+03  6.0E-01
   180 -1.430473122E-11  4.129483758E-10  4.77E-01  1.93E-03  5.86E+03  9.01E+03  5.7E-01
   190 -8.361181415E-12  3.956771901E-10  4.57E-01  1.31E-03  6.02E+03  9.75E+03  5.3E-01
   200 -3.520859945E-12  3.791875441E-10  4.38E-01  5.04E-04  6.19E+03  1.05E+04  5.0E-01
   210 -2.490326020E-12  3.715104737E-10  4.29E-01  2.86E-03  6.31E+03  1.10E+04  4.8E-01
   220 -3.183993974E-12  3.647195775E-10  4.21E-01  3.72E-04  6.47E+03  1.15E+04  4.7E-01
   230 -5.371874936E-12  3.573940057E-10  4.13E-01  3.71E-04  6.62E+03  1.21E+04  4.5E-01
   240 -7.144028048E-12  3.531086244E-10  4.08E-01  5.87E-04  6.74E+03  1.26E+04  4.4E-01
   250 -1.131071521E-11  3.430627064E-10  3.96E-01  1.16E-03  6.88E+03  1.33E+04  4.2E-01
   252 -1.176236084E-11  3.418579143E-10  3.95E-01  5.78E-04  6.96E+03  1.36E+04  4.2E-01
   253 -1.214782545E-11  3.407805363E-10  3.94E-01  5.84E-04  6.96E+03  1.36E+04  4.2E-01
   254 -1.315341466E-11  3.378125219E-10  3.90E-01  1.06E-03  6.96E+03  1.38E+04  4.1E-01
   255 -1.417626016E-11  3.347088143E-10  3.87E-01  4.22E-03  6.96E+03  1.40E+04  4.1E-01
   256 -1.445609033E-11  3.338534810E-10  3.86E-01  1.73E-03  6.98E+03  1.40E+04  4.0E-01
   257 -1.455127153E-11  3.335595044E-10  3.85E-01  7.10E-04  6.99E+03  1.41E+04  4.0E-01
   258 -1.499461384E-11  3.321110511E-10  3.84E-01  2.15E-03  6.99E+03  1.42E+04  4.0E-01
   259 -1.541262064E-11  3.307307709E-10  3.82E-01  2.00E-03  6.99E+03  1.42E+04  4.0E-01
   260 -1.544523863E-11  3.306219743E-10  3.82E-01  2.30E-03  7.02E+03  1.43E+04  4.0E-01
   261 -1.547345802E-11  3.305272574E-10  3.82E-01  6.89E-04  7.08E+03  1.44E+04  4.0E-01
   262 -1.957907100E-11  3.154363589E-10  3.64E-01  4.79E-03  7.08E+03  1.52E+04  3.7E-01

 Exit  LSQR.       istop  = 5               itn    =     262
 Exit  LSQR.       Anorm  = 7.07901E+03     Acond  = 1.52034E+04
 Exit  LSQR.       bnorm  = 8.65484E-10     xnorm  = 1.06749E-09
 Exit  LSQR.       rnorm  = 3.15436E-10     Arnorm = 1.06958E-08
 Exit  LSQR.       max dx = 6.7E-11 occurred at itn      262
 Exit  LSQR.              = 6.3E-02*xnorm
 Exit  LSQR.       The iteration limit was reached                      
